 [sensfix]
 aiming_sniper=0.001100
 aiming=0.002100
 aiming_sniper=0.001400
 global=0.002600
